#USE object diagram layout
#Tue Dec 05 23:06:47 CET 2000
Object.l3.y=104.2422864887028
Object.l3.x=64.03350869960681
Object.m1.y=317.0
Object.m1.x=198.1692383056793
Object.lm.y=253.8901101404166
Object.lm.x=65.2158605910497
Object.o1.y=131.46825092278323
Object.p.y=189.57480511144556
Object.o1.x=240.2172162667677
Object.p.x=147.5555277183263
Object.l2.y=68.0
Object.l2.x=64.44453463124091
Object.el.y=156.56956145361028
Object.el.x=65.04823531006937
Object.l1.y=24.0
Object.o2.y=239.46825092278323
Object.l1.x=65.59866221049163
Object.o2.x=242.2172162667677
