#USE object diagram layout
#Wed Mar 12 09:29:19 GMT+01:00 2003
Object.Job5.y=475.5310315010795
Object.Job5.x=59.35350636655426
Object.Job7.y=473.70815993224767
Object.Job7.x=211.3257458671449
Object.Person1.y=25.841332319748403
Object.Person1.x=567.6113289679216
Object.Person3.y=176.27385791876597
Object.Person3.x=798.573529734036
Object.Person5.y=434.4951921466334
Object.Job2.y=158.2286427236417
Object.Job2.x=296.51966440805
Object.Person5.x=57.02186846325526
Object.Person7.y=432.1442003727491
Object.Job4.y=266.46501272097197
Object.Person7.x=211.11423747616567
Object.Job4.x=116.0
Object.Company1.y=554.166151488665
Object.Company1.x=469.0
Object.Job6.y=307.7869333690814
Object.Job6.x=430.76590462843046
Object.Person2.y=118.33886198594456
Object.Person2.x=294.93882293925043
Object.Job1.y=65.98381684580761
Object.Person4.y=225.8231818364837
Object.Job1.x=564.1464155986619
Object.Person4.x=119.4789383329661
Object.Person6.y=266.0163872457812
Object.Job3.y=217.03982393112227
Object.Person6.x=432.82718369156294
Object.Job3.x=799.6205782955695
