#USE object diagram layout
#Sun Jan 07 17:58:52 CET 2001
Object.p5.y=550.6099009524798
Object.p5.x=51.0604406737242
Object.p2_rhs1.y=348.94974800262435
Object.p2_rhs1.x=371.1029653368369
Object.p3_rhs1.y=419.0271029643865
Object.p3_rhs1.x=364.0
Object.p4.y=483.6498538124921
Object.p4.x=117.99798395596667
Object.p4_rhs1.y=493.0
Object.p4_rhs1.x=348.8871056402199
Object.p3.y=404.99790581844314
Object.p5_rhs1.y=547.7248748575753
Object.p3.x=171.6448271888097
Object.p5_rhs1.x=365.14810330182
Object.operator.y=201.52173853964263
Object.operator.x=568.6629258406429
Object.p2.y=346.656332513105
Object.p2.x=194.27481987705443
Object.p1.y=22.005850546109002
Object.p1.x=203.76334294555954
Object.op_plus.y=497.0
Object.op_plus.x=653.0
Object.d1.y=420.84907160362286
Object.d1.x=643.0
Object.expr.y=182.50804386869333
Object.expr.x=247.12736244246025
Object.d0.y=356.13346095853205
Object.d0.x=626.6567302416117
Object.p1_rhs3.y=136.26863184611267
Object.p1_rhs3.x=723.7717121957542
Object.g.y=72.59560500452903
Object.g.x=62.33158739925989
Object.p1_rhs2.y=78.6780077610394
Object.p1_rhs2.x=607.6412834012834
Object.op_minus.y=548.6850511152741
Object.p1_rhs1.y=31.0
Object.op_minus.x=661.8745275202966
Object.p1_rhs1.x=469.6254740305826
