#USE object diagram layout
#Tue May 17 11:23:03 CEST 2005
Object.h.y=94.0
Object.freds_scania.y=75.0
Object.h.x=152.6538072232811
Object.freds_scania.x=502.0
Object.m.y=180.87183810995793
Object.m.x=176.0
Object.k.y=117.80763389850267
Object.hh.y=22.0
Object.k.x=33.0
Object.b.y=75.0
Object.hh.x=136.7826072203801
Object.b.x=266.0
